0000.20
0000.41
0000.61
0000.82
0001.02
0001.22
0001.43
0001.63
0001.83
0002.04
0002.24
0002.45
0002.65
0002.85
0003.06
0003.26
0003.47
0003.67
0003.88
0004.08
0004.29
0004.49
0004.70
0004.90
0005.11
0005.31
0005.52
0005.73
0005.93
0006.14
0006.34
0006.55
0006.76
0006.97
0007.17
0007.38
0007.59
0007.80
0008.01
0008.21
0008.42
0008.63
0008.84
0009.05
0009.26
0009.47
0009.68
0009.89
0010.10
0010.32
0010.53
0010.74
0010.95
0011.17
0011.38
0011.59
0011.81
0012.02
0012.24
0012.45
0012.67
0012.88
0013.10
0013.32
0013.53
0013.75
0013.97
0014.19
0014.41
0014.63
0014.85
0015.07
0015.29
0015.51
0015.73
0015.96
0016.18
0016.40
0016.63
0016.85
0017.08
0017.30
0017.53
0017.76
0017.99
0018.21
0018.44
0018.67
0018.90
0019.13
0019.36
0019.60
0019.83
0020.06
0020.30
0020.53
0020.77
0021.00
0021.24
0021.48
0021.72
0021.95
0022.19
0022.43
0022.68
0022.92
0023.16
0023.40
0023.65
0023.89
0024.14
0024.39
0024.63
0024.88
0025.13
0025.38
0025.63
0025.88
0026.13
0026.39
0026.64
0026.90
0027.15
0027.41
0027.67
0027.93
0028.19
0028.45
0028.71
0028.97
0029.23
0029.50
0029.76
0030.03
0030.30
0030.57
0030.84
0031.11
0031.38
0031.65
0031.92
0032.20
0032.47
0032.75
0033.03
0033.31
0033.59
0033.87
0034.15
0034.44
0034.72
0035.01
0035.29
0035.58
0035.87
0036.16
0036.45
0036.75
0037.04
0037.34
0037.63
0037.93
0038.23
0038.53
0038.83
0039.14
0039.44
0039.75
0040.05
0040.36
0040.67
0040.98
0041.29
0041.61
0041.92
0042.24
0042.56
0042.88
0043.20
0043.52
0043.84
0044.17
0044.50
0044.82
0045.15
0045.49
0045.82
0046.15
0046.49
0046.83
0047.16
0047.50
0047.85
0048.19
0048.54
0048.88
0049.23
0049.58
0049.93
0050.29
