0000.20
0000.41
0000.61
0000.82
0001.02
0001.22
0001.43
0001.63
0001.83
0002.04
0002.24
0002.45
0002.65
0002.85
0003.06
0003.26
0003.47
0003.67
0003.88
0004.08
0004.29
0004.49
0004.70
0004.90
0005.11
0005.31
0005.52
0005.73
0005.93
0006.14
0006.34
0006.55
0006.76
0006.97
0007.17
0007.38
0007.59
0007.80
0008.01
0008.21
0008.42
0008.63
0008.84
0009.05
0009.26
0009.47
0009.68
0009.89
0010.10
0010.32
0010.53
0010.74
0010.95
0011.17
0011.38
0011.59
0011.81
0012.02
0012.24
0012.45
0012.67
0012.88
0013.10
0013.32
0013.53
0013.75
0013.97
0014.19
0014.41
0014.63
0014.85
0015.07
0015.29
0015.51
0015.73
0015.96
0016.18
0016.40
0016.63
0016.85
0017.08
0017.30
0017.53
0017.76
0017.99
0018.21
0018.44
0018.67
0018.90
0019.13
0019.36
0019.60
0019.83
0020.06
0020.30
0020.53
0020.77
0021.00
0021.24
0021.48
0021.72
0021.95
0022.19
0022.43
0022.68
0022.92
0023.16
0023.40
0023.65
0023.89
0024.14
0024.39
0024.63
0024.88
0025.13
0025.38
0025.63
0025.88
0026.13
0026.39
0026.64
0026.90
0027.15
0027.41
0027.67
0027.93
0028.19
0028.45
0028.71
0028.97
0029.23
0029.50
0029.76
0030.03
0030.30
0030.57
0030.84
0031.11
0031.38
0031.65
0031.92
0032.20
0032.47
0032.75
0033.03
0033.31
0033.59
0033.87
0034.15
0034.44
0034.72
0035.01
0035.29
0035.58
0035.87
0036.16
0036.45
0036.75
0037.04
0037.34
0037.63
0037.93
0038.23
0038.53
0038.83
0039.14
0039.44
0039.75
0040.05
0040.36
0040.67
0040.98
0041.29
0041.61
0041.92
0042.24
0042.56
0042.88
0043.20
0043.52
0043.84
0044.17
0044.50
0044.82
0045.15
0045.49
0045.82
0046.15
0046.49
0046.83
0047.16
0047.50
0047.85
0048.19
0048.54
0048.88
0049.23
0049.58
0049.93
0050.29
0050.64
0051.00
0051.36
0051.72
0052.08
0052.44
0052.81
0053.18
0053.55
0053.92
0054.29
0054.66
0055.04
0055.42
0055.80
0056.18
0056.56
0056.95
0057.34
0057.73
0058.12
0058.51
0058.91
0059.30
0059.70
0060.10
0060.51
0060.91
0061.32
0061.73
0062.14
0062.55
0062.97
0063.39
0063.81
0064.23
0064.65
0065.08
0065.51
0065.94
0066.37
0066.81
0067.24
0067.68
0068.12
0068.57
0069.01
0069.46
0069.91
0070.37
0070.82
0071.28
0071.74
0072.20
0072.67
0073.14
0073.61
0074.08
0074.55
0075.03
0075.51
0075.99
0076.48
0076.97
0077.46
0077.95
0078.45
0078.94
0079.44
0079.95
0080.45
0080.96
0081.47
0081.99
0082.50
0083.02
0083.55
0084.07
0084.60
0085.13
0085.66
0086.20
0086.74
0087.28
0087.83
0088.38
0088.93
0089.48
0090.04
0090.60
0091.16
0091.73
0092.30
0092.87
0093.44
0094.02
0094.60
0095.19
0095.78
0096.37
0096.96
0097.56
0098.16
0098.77
0099.37
0099.98
0100.60
0101.22
0101.84
0102.46
0103.09
0103.72
0104.35
0104.60
0104.99
0105.24
0105.63
0105.88
0106.28
0106.53
0106.93
0107.18
0107.58
0107.83
0108.24
0108.49
0108.90
0109.15
0109.56
0109.82
0110.23
0110.48
0110.90
0111.16
0111.57
0111.83
0112.25
0112.51
0112.93
0113.19
0113.62
0113.88
0114.31
0114.57
0115.00
0115.27
0115.70
0115.97
0116.40
0116.67
0117.10
0117.37
0117.81
0118.08
0118.52
0118.80
0119.24
0119.52
0119.96
0120.24
0120.68
0120.96
0121.41
0121.69
0122.15
0122.43
0122.88
0123.17
0123.62
0123.91
0124.37
0125.12
0125.87
0126.63
0127.39
0128.16
0128.93
0129.70
0130.48
0131.26
0132.05
0132.84
0133.64
0134.44
0135.25
0136.06
0136.87
0137.69
0138.51
0139.34
0140.17
0141.01
0141.85
0142.70
0143.55
0144.41
0145.27
0146.14
0147.01
0147.89
0148.77
0149.65
0150.54
0151.44
0152.34
0153.25
0154.16
0155.08
0156.00
0156.92
0157.86
0158.79
0159.74
0160.68
0161.64
0162.60
0163.56
0164.53
0165.51
0166.49
0167.47
0168.47
0169.46
0170.47
0171.48
0172.49
0173.51
0174.54
0175.57
0176.61
0177.65
0178.70
0179.76
0180.82
0181.89
0182.96
0184.04
0185.13
0186.22
0187.32
0188.42
0189.54
0190.65
0191.78
0192.91
0194.04
0195.19
0196.34
0197.49
0198.66
0199.83
0201.00
0202.18
0203.37
0204.57
0205.77
0206.99
0208.20
0209.43
0210.66
0211.90
0213.14
0214.39
0215.65
0216.92
0218.19
0219.48
0220.76
0222.06
0223.36
0224.67
0225.99
0227.32
0228.65
0229.99
0231.34
0232.70
0234.06
0235.44
0236.82
0238.20
0239.60
0241.00
0242.42
0243.84
0245.26
0246.70
0248.15
0249.60
0251.06
0252.53
0254.01
0255.50
0256.99
0258.49
0260.01
0261.53
0263.06
0264.60
0266.14
0267.70
0269.27
0270.84
0272.42
0274.02
0275.62
0277.23
0278.85
0280.48
0282.12
0283.77
0285.42
0287.09
0288.77
0290.46
0292.15
0293.86
0295.57
0297.30
0299.04
0300.78
0302.54
0304.30
0306.08
0307.87
0309.66
0311.47
0313.29
0315.11
0316.95
0318.80
0320.66
0322.53
0324.41
0326.31
0328.21
0330.12
0332.05
0333.98
0335.93
0337.89
0339.86
0341.84
0343.83
0345.84
0347.85
0349.88
0351.92
0353.97
0356.03
0358.10
0360.19
0362.29
0364.40
0366.52
0368.66
0370.81
0372.96
0375.14
0377.32
0379.52
0381.73
0383.95
0386.19
0388.44
0390.70
0392.97
0395.26
0397.56
0399.87
0402.20
0404.54
0406.90
0409.26
0411.65
0414.04
0416.45
0418.87
0421.31
0423.76
0426.23
0428.71
0431.20
0433.71
0436.23
0438.77
0441.32
0443.89
0446.47
0449.07
0451.68
0454.31
0456.95
0459.61
0462.28
0464.97
0467.67
0470.39
0473.13
0475.88
0478.64
0481.43
0484.23
0487.04
0489.87
0492.72
0495.59
0498.47
0501.36
0504.28
0507.21
0510.16
0513.12
0516.10
0519.10
0522.12
0525.15
0528.21
0531.28
0534.36
0537.47
0540.59
0543.73
0546.89
0550.07
0553.27
0556.48
0559.71
0562.96
0566.24
0569.53
0572.83
0576.16
0579.51
0582.87
0586.26
0589.67
0593.09
0596.54
0600.00
0603.49
0606.99
0610.52
0614.06
0617.63
0621.22
0624.82
0628.45
0632.10
0635.77
0639.47
0643.18
0646.91
0650.67
0654.45
0658.25
0662.07
0665.92
0669.78
0673.67
0677.58
0681.52
0685.47
0689.45
0693.46
0697.48
0701.53
0705.61
0709.70
0713.82
0717.97
0722.13
0726.33
0730.54
0734.78
0739.05
0743.34
0747.65
0751.99
0756.36
0760.75
0765.17
0769.61
0774.07
0778.57
0783.09
0787.63
0792.20
0796.80
0801.43
0806.08
0810.76
0815.46
0820.19
0824.95
0829.74
0834.56
0839.40
0844.27
0849.17
0854.10
0859.06
0864.04
0869.06
0874.10
0879.17
0884.27
0889.41
0894.57
0899.76
0904.98
0910.23
0915.51
0920.82
0926.17
0931.54
0936.95
0942.38
0947.85
0953.35
0958.88
0964.45
0970.04
0975.67
0981.33
0987.03
0992.75
0998.51
1004.31
